-------------mtsp51.txt-------------
nga[764.5518129783346, 796.4813520422545, 793.3711201921856, 794.7807617972339, 778.3253739403779, 807.1476934474373, 862.396200375436, 777.0208897898406, 864.0682782517443, 808.7030588004835, 828.9225230622795, 872.7353148579571, 768.1999691596345, 775.9202234057295, 808.8544501218536, 899.5278218385893, 755.4955955469261, 736.096183341742, 759.8158744262673, 809.7381600036581, 758.1958466368133, 778.6048087302584, 789.5181701441392, 753.3320720484695, 747.1080584243134, 808.7672282271393, 712.056262231574, 837.9617548504604, 842.4563617361175, 853.882196473255]
nga2[718.5199193193703, 751.1090638889995, 708.8974224949332, 723.961163828212, 688.6189656743666, 723.4173508879537, 752.4823590861058, 748.1525887891254, 724.5934152964119, 713.4616392857574, 754.3491743079213, 774.2389654754576, 710.0725585082853, 733.9638573694083, 749.6892515494435, 755.0113825256291, 648.139723487927, 736.2163868496058, 713.1157598968227, 737.4547609157497, 660.4190549677102, 751.836890259721, 717.3910939250799, 773.2503844730652, 705.300673878429, 744.6860377306062, 724.8369409886965, 720.4474206816544, 705.3398615162627, 717.5042573513565]
baseline[887.2260872396853, 866.3144328229896, 850.1781148512766, 881.26055783187, 875.8009650063653, 866.7542837930256, 852.5679208280793, 882.3754273269565, 893.8835940832483, 881.0428977593326, 863.3431826207731, 879.3434264541386, 904.7916598105897, 839.8054301006324, 856.6220952308104, 847.3275394974409, 879.3350775105395, 908.4317653560389, 852.5017077936577, 894.9585686700558, 835.4034169400632, 803.8864428819385, 886.385071347981, 901.2133553189431, 847.7290923235282, 876.2223703315011, 777.9785691224213, 896.0423835337592, 849.1338676078025, 901.5375118929065]
[798.1345138960835, 726.215944173669, 867.9798938629449]
[899.5278218385893, 774.2389654754576, 908.4317653560389]
[712.056262231574, 648.139723487927, 777.9785691224213]
-------------mtsp100.txt-------------
nga[40645.98007511922, 53937.861649517545, 54956.78545009438, 51299.36881577896, 49528.98657593864, 53472.779745604574, 48996.10737912739, 45360.66342193863, 48266.48479136506, 46915.31729994908, 49326.49455980522, 46309.857263063655, 55157.50369051657, 47485.578050638585, 46309.857263063655, 55157.50369051657, 47485.578050638585, 46309.857263063655, 55157.50369051657, 47485.578050638585, 46309.857263063655, 55157.50369051657, 47485.578050638585, 46309.857263063655, 55157.50369051657, 47485.578050638585, 46309.857263063655, 55157.50369051657, 47485.578050638585, 46309.857263063655]
nga2[40203.5360045209, 35346.420011573784, 38984.98950734569, 35035.90941125647, 37282.96862130479, 34140.2816743601, 44587.18734724884, 40673.2037100705, 39973.578574437226, 37246.9073875818, 40579.405530164804, 39212.908078299464, 41360.98778094831, 39570.557885260874, 39212.908078299464, 41360.98778094831, 39570.557885260874, 39212.908078299464, 41360.98778094831, 39570.557885260874, 39212.908078299464, 41360.98778094831, 39570.557885260874, 39212.908078299464, 41360.98778094831, 39570.557885260874, 39212.908078299464, 41360.98778094831, 39570.557885260874, 39212.908078299464]
baseline[46091.4475642981, 40792.55039484512, 45297.6873210235, 47534.815316898705, 48338.393129125165, 43086.18632918904, 43671.02134066062, 50052.08463540191, 45167.68793602415, 45792.128032513596, 46961.357222346574, 49104.56959345877, 46745.17886995771, 42760.37385912759, 49104.56959345877, 46745.17886995771, 42760.37385912759, 49104.56959345877, 46745.17886995771, 42760.37385912759, 49104.56959345877, 46745.17886995771, 42760.37385912759, 49104.56959345877, 46745.17886995771, 42760.37385912759, 49104.56959345877, 46745.17886995771, 42760.37385912759, 49104.56959345877]
[49424.477368420485, 39471.13394417388, 46118.355425034984]
[55157.50369051657, 44587.18734724884, 50052.08463540191]
[40645.98007511922, 34140.2816743601, 40792.55039484512]
-------------mtsp150.txt-------------
nga[110393.04654787856, 109967.53951399679, 101944.66241739517, 114454.49563930582, 115313.00502732402, 104629.50012811784, 100762.97906615355, 99901.08587941548, 103386.33459770054, 112815.4415444852, 101291.6085139147, 106003.86505859446, 108577.81651462753, 107130.03441798218, 113873.12279814118, 107906.00379635596, 110980.14842061819, 114284.23718156132, 113042.78575309654, 120502.59093069998, 117694.99309597573, 99799.63082485796, 106027.51119756151, 112877.60467386496, 106559.84850099473, 105479.645322926, 108516.27670335135, 102101.4220260628, 113003.47659195491, 100982.92043396745]
nga2[90298.42138103188, 90356.1968638818, 83724.79869545654, 90710.26229392835, 90327.44517666382, 85140.30209156276, 85902.94609948591, 86575.48379131465, 85069.21741430674, 83451.7866740474, 85218.96922161171, 91764.12486281645, 89746.38403226904, 85762.19733488945, 93332.16470500064, 88730.9973436987, 94853.3187276605, 88227.81432096122, 92882.46414965618, 87575.09816591107, 82610.04555460284, 88493.9127279669, 85037.8884688995, 83345.74936782247, 85247.15884986277, 95474.48197228707, 88791.62730854416, 82881.20281309806, 86560.89643462453, 89350.22447750835]
baseline[111718.34180162847, 106764.9287882186, 110419.8645792145, 116080.8284748327, 111515.50455421564, 113368.25099117654, 96615.20656220677, 108725.52047247122, 105514.42657324234, 102088.77175105934, 103436.73606984982, 94861.23780495641, 108112.3312086921, 113999.0050905472, 114049.46073569373, 105346.33647376337, 106151.39971553966, 101947.42243739685, 103201.5011384515, 100937.87936067897, 113818.44739011287, 106354.57272128903, 103872.3918274212, 103892.54603487437, 101714.83711125817, 100776.83498428899, 96967.74255557334, 111877.56937729134, 103848.76674309233, 113927.54754049254]
[108340.12110396272, 87914.78604404574, 106396.87369565101]
[120502.59093069998, 95474.48197228707, 116080.8284748327]
[99799.63082485796, 82610.04555460284, 94861.23780495641]
-------------pr76.txt-------------
nga[24771.031625004467, 20271.002042586908, 25767.337083988656, 24533.835551324595, 27839.101463617044, 21510.71793712589, 27233.062918838146, 23375.978180514496, 24689.620422655782, 30223.676894415967, 27549.819908138095, 26132.407707987048, 22499.78296686752, 25124.65364512544, 23620.129711560032, 29330.2154397356, 25423.248072382466, 30616.89948958911, 25760.474700512423, 24753.180101264054, 22829.977014110944, 23671.470412160794, 24008.575394015974, 27333.564571885872, 26308.280920677815, 23120.801332812072, 24813.675394574926, 24818.40901182794, 28798.0873183315, 25597.231234755487]
nga2[22208.888014818145, 22449.39431044847, 22168.825439162498, 22385.05783737815, 20010.294589713638, 20576.5661375687, 21797.470029391556, 18698.407034509244, 24190.696187456808, 19584.90196518424, 18138.67747665253, 21430.368451196235, 18984.15148873525, 21455.132016839056, 20973.24680123096, 20634.012075917686, 20842.520335071258, 19413.890144693676, 18778.378425075512, 18288.641828283107, 20430.576851221093, 21179.416336709077, 21913.374154009074, 19890.744180131143, 18626.38895782286, 21861.95829277722, 22409.179112161997, 23501.201972519826, 21828.878210660034, 18146.588517664513]
baseline[24946.048362837137, 25384.991741395286, 26212.09936186745, 20424.90478357228, 23566.641160388022, 23372.6004320968, 24122.117523552737, 26179.296012189418, 23560.666269976544, 23055.273439686076, 23247.22809116759, 23705.176934249455, 21551.2665281632, 22394.120255546288, 24170.245001598127, 22901.43759651264, 23751.321402121364, 24167.742372894398, 26841.745172065075, 23835.367622079793, 23618.9898440797, 22128.44353711647, 25255.254688527304, 22878.99162565335, 27643.272785815007, 22820.774896028688, 25029.421842806016, 23377.770155454564, 23911.477997873822, 24104.55721193437]
[25410.87494894623, 20759.927572500117, 23938.6414883083]
[30616.89948958911, 24190.696187456808, 27643.272785815007]
[20271.002042586908, 18138.67747665253, 20424.90478357228]
-------------pr152.txt-------------
nga[117656.59160060206, 118223.46976346608, 123570.75237926339, 116161.11056972407, 113350.42454645013, 107970.65844053954, 108260.19647083273, 115287.97100801923, 107486.97528355011, 111068.68700549027, 117878.02263470207, 110887.7252660673, 113993.27533478216, 115786.14997361414, 108823.69695378504, 104314.45326528717, 114646.20243337072, 108399.01340551309, 108157.1947059493, 114236.1946236441, 107126.00245489465, 111997.23287870937, 102227.14700047625, 105331.35133786828, 109071.61287727543, 115794.20423449052, 111675.49715872348, 101185.80905830793, 114158.58202889696, 105977.37310758437]
nga2[94684.5118835189, 84391.20233061408, 83332.92416543278, 96217.46172949403, 91416.03537268721, 89155.01929800856, 80823.00880970918, 84988.0326193249, 75696.43595686893, 85471.2500548169, 82645.1255459892, 85955.3703761845, 91337.24355737987, 93707.18334230708, 93392.32497094406, 85295.53648126316, 88187.57654482167, 88451.0835512187, 87604.78907064334, 93755.63468593142, 83206.2402726079, 85625.5182231793, 96141.50829528, 84100.55117889504, 86479.49214362148, 91936.47330674397, 85416.81135425647, 88036.23199267565, 91345.24980425513, 87998.7191492779]
baseline[111520.35293435297, 113713.60224416252, 115318.80676851577, 112168.74707813964, 107483.53036824967, 110992.51943239465, 110466.84877275313, 97537.78303584167, 98094.62477816445, 111248.93402443342, 110766.82476912244, 107921.71935575583, 114880.7913593964, 105602.84820990286, 111291.70763307496, 108755.50105117251, 112615.72597663908, 114121.08805582451, 112280.75639749703, 103798.86551216728, 96570.57707155935, 106449.63823207447, 116605.44471407602, 111492.26113682553, 100965.76926573977, 94275.0738135586, 106248.43035140524, 111442.39236538505, 110513.85301699236, 109297.82404587755]
[111356.78592672931, 87893.15153559839, 108481.42805903514]
[123570.75237926339, 96217.46172949403, 116605.44471407602]
[101185.80905830793, 75696.43595686893, 94275.0738135586]
-------------pr226.txt-------------
nga[224735.15738932858, 214651.8848551661, 221419.23440858885, 202292.88072616223, 217655.00388363938, 210790.10117482708, 224659.6236069312, 198155.6360714316, 211820.21495391507, 215004.40261796635, 211820.21495391507, 215004.40261796635, 211820.21495391507, 215004.40261796635, 211820.21495391507, 215004.40261796635, 211820.21495391507, 215004.40261796635, 211820.21495391507, 215004.40261796635, 211820.21495391507, 215004.40261796635, 211820.21495391507, 215004.40261796635, 211820.21495391507, 215004.40261796635, 211820.21495391507, 215004.40261796635, 211820.21495391507, 215004.40261796635]
nga2[173360.23426504267, 177147.5468475313, 181065.77623144118, 197312.15651679967, 180613.45499568208, 186754.79449904372, 184916.13376166573, 178074.74973847694, 187770.8769621809, 188080.7279852824, 187770.8769621809, 188080.7279852824, 187770.8769621809, 188080.7279852824, 187770.8769621809, 188080.7279852824, 187770.8769621809, 188080.7279852824, 187770.8769621809, 188080.7279852824, 187770.8769621809, 188080.7279852824, 187770.8769621809, 188080.7279852824, 187770.8769621809, 188080.7279852824, 187770.8769621809, 188080.7279852824, 187770.8769621809, 188080.7279852824]
baseline[215115.5886229845, 203768.99644691142, 216369.7739183556, 204262.5159335073, 210260.4783180189, 203752.5711088751, 214806.933713558, 209011.82228320674, 200994.58568310615, 199147.71644665595, 200994.58568310615, 199147.71644665595, 200994.58568310615, 199147.71644665595, 200994.58568310615, 199147.71644665595, 200994.58568310615, 199147.71644665595, 200994.58568310615, 199147.71644665595, 200994.58568310615, 199147.71644665595, 200994.58568310615, 199147.71644665595, 200994.58568310615, 199147.71644665595, 200994.58568310615, 199147.71644665595, 200994.58568310615, 199147.71644665595]
[213647.67718022582, 186453.75004259267, 202630.46679242665]
[224735.15738932858, 197312.15651679967, 216369.7739183556]
[198155.6360714316, 173360.23426504267, 199147.71644665595]
